20	9
3.19167993480915	2.1603143405650505	4.491931884627004	1.3593227231719474	-4.579646338922957	0.8308555480725321	3.0374461240318817	-1.1988714531960942	2.399371606896344	-0.1737352329807451	1.4089940318925587	-3.824247636272131	4.127518033137088	-2.994604927490859	2.124981270393337	-3.3852046649431045	-1.0213826187687303	-2.175650812023285	0.5822866417362615	0.009211607429823188	0.298307733648164
1.2961856133679017	-1.3231176699147995	-3.812970107667417	2.629273505636869	0.8523325859898212	-2.9927454495617933	-3.8508890645107883	1.6675297871247907	3.490860580500911	1.7684078491167765	0.21714418345072817	-3.7963380163374136	3.9381421136519257	-0.7807413605758629	-4.29177679463156	-3.0599111939306245	4.20601847173078	1.568824591864334	-1.503859810719691	-1.5249364916460928	0.17979553373229784
-4.423883710214712	-2.582299069157885	-0.9573856522700608	-2.3573774896596955	2.8262871693926863	3.2291261046427353	-1.7976441142807875	-1.4123556168299145	4.2610169851691335	-2.4388559062632664	1.1751741041197772	2.8343624124483737	3.7094697931252982	-4.747369352987972	4.299683967658582	0.9361638077631562	-2.7533992101682117	4.719219523681229	0.34149964044359105	-4.2042579803857185	0.6672758671118075
-3.473550725296496	3.1266623227758306	4.529944710353475	1.9099070741803725	1.735970457407281	3.249502090327554	4.224242826018361	4.7783784681545995	-3.9116698479022527	4.224900311486261	1.6787537575640443	-0.6285253194922635	-1.500078368116191	-2.809815338229533	-0.4806635835920614	3.5281191770399065	-0.9892523629575067	1.047358161288665	-3.7117538953550078	-0.8566303574483947	0.0398288416212178
0.9836282023464549	-1.7232128475954334	2.3881815121050574	2.599016865143904	1.4023377256772296	0.7372024564825774	4.258228313996488	2.681265557535758	1.3279636074764478	1.0296919932990634	-0.5436392112513677	-4.735112232111338	-0.4811314452368476	1.9510812728911353	2.1376593704501112	2.543182030436466	4.155359272881429	2.0722798774872575	1.4840909605418728	1.5345195675279788	0.8226718338095594
3.3521939785420694	-1.3222521016858302	-3.612339650422131	4.748286813104197	3.1138055280322554	-4.37463057083874	2.6296484226056407	0.13089626154670797	-0.8871137513798777	1.5681522470787301	4.909590231244919	0.22643677972373766	3.2301870181541146	2.7005252717968498	-0.7309289901044635	-1.4541333756238883	1.6844047495724135	-0.09687461000543407	-4.709725886303636	-0.5646610863669654	0.5550911723784709
1.3824657514443661	-1.554579516903537	0.048876401236173095	0.041521617813187195	2.827478585741232	4.541097418496919	-4.700656997944734	-3.3822582085975506	-3.055868874678774	2.642191292244409	-0.9137238812452064	4.514601097549077	2.8454471739029987	-1.8401082071753116	3.378191952668723	-4.861011864980825	1.645358202225835	4.994648494811971	2.088791836174324	1.4938866717413868	0.5223187210221253
-0.7021911791339719	-3.1314642713461796	-0.4929175856584356	-0.39670525290499525	-1.8976737544951883	2.902600062131132	3.614882446733083	1.0278328368257372	3.744091376629349	3.421649391878814	-4.3270173831776395	-1.6073590050323694	2.9478756744579746	4.096560603911211	1.0093222902018872	-3.97664402816974	-2.931770506905073	-1.531108899842445	-2.255993820249136	1.7604543249421378	0.9165505294011717
0.02333655414164859	-2.1593209749816045	4.7519774396037375	0.3465339257034761	4.087773553042087	2.398755702611919	1.3588311504442985	-1.7039338299724927	-3.096445702841917	-0.01600489542412986	-2.806971296409345	-3.1383120687639767	2.3479231129071687	-0.803146455467667	-0.7593218848638961	1.0497149592864552	-0.16700122304222353	-3.461364379774392	0.7358783084502796	0.49856401878132006	0.07078293572570515
